hermite
200 400 200 100 -250 -175 500 -200
hermite
400 400 100 100 250 -175 500 200
hermite
400 400 100 100 -250 175 500 -200
hermite
400 400 100 100 250 175 500 200
hermite
400 400 100 100 -250 175 500 200
hermite
400 400 100 100 251 -174 499 201
hermite
400 400 100 100 -249 176 501 -199
hermite
400 400 100 100 249 176 501 201
hermite
400 400 100 100 -249 176 499 201
hermite
400 400 100 100 252 -173 498 202
hermite
400 400 100 100 -248 177 502 -198
hermite
400 400 100 100 248 177 502 202
hermite
400 400 100 100 -248 177 498 202
hermite
400 400 100 100 253 -172 497 203
hermite
400 400 100 100 -247 178 503 -197
hermite
400 400 100 100 247 178 503 203
hermite
400 400 100 100 -247 178 497 203
hermite
400 400 100 100 254 -171 496 204
hermite
400 400 100 100 -246 179 504 -196
hermite
400 400 100 100 246 179 504 204
hermite
400 400 100 100 -246 179 496 204
hermite
400 400 100 100 255 -170 495 205
hermite
400 400 100 100 -245 180 505 -195
hermite
400 400 100 100 245 180 505 205
hermite
400 400 100 100 -245 180 495 205
hermite
400 400 100 100 256 -169 494 206
hermite
400 400 100 100 -244 181 506 -194
hermite
400 400 100 100 244 181 506 206
hermite
400 400 100 100 -244 181 494 206
hermite
400 400 100 100 257 -168 493 207
hermite
400 400 100 100 -243 182 507 -193
hermite
400 400 100 100 243 182 507 207
hermite
400 400 100 100 -243 182 493 207
hermite
400 400 100 100 258 -167 492 208
hermite
400 400 100 100 -242 183 508 -192
hermite
400 400 100 100 242 183 508 208
hermite
400 400 100 100 -242 183 492 208
hermite
400 400 100 100 259 -166 491 209
hermite
400 400 100 100 -241 184 509 -191
hermite
400 400 100 100 241 184 509 209
hermite
400 400 100 100 -241 184 491 209
hermite
400 400 100 100 260 -165 490 210
hermite
400 400 100 100 -240 185 510 -190
hermite
400 400 100 100 240 185 510 210
hermite
400 400 100 100 -240 185 490 210
hermite
400 400 100 100 261 -164 489 211
hermite
400 400 100 100 -239 186 511 -189
hermite
400 400 100 100 239 186 511 211
hermite
400 400 100 100 -239 186 489 211
hermite
400 400 100 100 262 -163 488 212
hermite
400 400 100 100 -238 187 512 -188
hermite
400 400 100 100 238 187 512 212
hermite
400 400 100 100 -238 187 488 212
hermite
400 400 100 100 263 -162 487 213
hermite
400 400 100 100 -237 188 513 -187
hermite
400 400 100 100 237 188 513 213
hermite
400 400 100 100 -237 188 487 213
hermite
400 400 100 100 264 -161 486 214
hermite
400 400 100 100 -236 189 514 -186
hermite
400 400 100 100 236 189 514 214
hermite
400 400 100 100 -236 189 486 214
hermite
400 400 100 100 265 -160 485 215
hermite
400 400 100 100 -235 190 515 -185
hermite
400 400 100 100 235 190 515 215
hermite
400 400 100 100 -235 190 485 215
hermite
400 400 100 100 266 -159 484 216
hermite
400 400 100 100 -234 191 516 -184
hermite
400 400 100 100 234 191 516 216
hermite
400 400 100 100 -234 191 484 216
hermite
400 400 100 100 267 -158 483 217
hermite
400 400 100 100 -233 192 517 -183
hermite
400 400 100 100 233 192 517 217
hermite
400 400 100 100 -233 192 483 217
hermite
400 400 100 100 268 -157 482 218
hermite
400 400 100 100 -232 193 518 -182
hermite
400 400 100 100 232 193 518 218
hermite
400 400 100 100 -232 193 482 218
hermite
400 400 100 100 269 -156 481 219
hermite
400 400 100 100 -231 194 519 -181
hermite
400 400 100 100 231 194 519 219
hermite
400 400 100 100 -231 194 481 219
hermite
400 400 100 100 270 -155 480 220
hermite
400 400 100 100 -230 195 520 -180
hermite
400 400 100 100 230 195 520 220
hermite
400 400 100 100 -230 195 480 220
hermite
400 400 100 100 271 -154 479 221
hermite
400 400 100 100 -229 196 521 -179
hermite
400 400 100 100 229 196 521 221
hermite
400 400 100 100 -229 196 479 221
hermite
400 400 100 100 272 -153 478 222
hermite
400 400 100 100 -228 197 522 -178
hermite
400 400 100 100 228 197 522 222
hermite
400 400 100 100 -228 197 478 222
hermite
400 400 100 100 273 -152 477 223
hermite
400 400 100 100 -227 198 523 -177
hermite
400 400 100 100 227 198 523 223
hermite
400 400 100 100 -227 198 477 223
hermite
400 400 100 100 274 -151 476 224
hermite
400 400 100 100 -226 199 524 -176
hermite
400 400 100 100 226 199 524 224
hermite
400 400 100 100 -226 199 476 224
hermite
400 400 100 100 275 -150 475 225
hermite
400 400 100 100 -225 200 525 -175
hermite
400 400 100 100 225 200 525 225
hermite
400 400 100 100 -225 200 475 225
hermite
400 400 100 100 276 -149 474 226
hermite
400 400 100 100 -224 201 526 -174
hermite
400 400 100 100 224 201 526 226
hermite
400 400 100 100 -224 201 474 226
hermite
400 400 100 100 277 -148 473 227
hermite
400 400 100 100 -223 202 527 -173
hermite
400 400 100 100 223 202 527 227
hermite
400 400 100 100 -223 202 473 227
hermite
400 400 100 100 278 -147 472 228
hermite
400 400 100 100 -222 203 528 -172
hermite
400 400 100 100 222 203 528 228
hermite
400 400 100 100 -222 203 472 228
hermite
400 400 100 100 279 -146 471 229
hermite
400 400 100 100 -221 204 529 -171
hermite
400 400 100 100 221 204 529 229
hermite
400 400 100 100 -221 204 471 229
hermite
400 400 100 100 280 -145 470 230
hermite
400 400 100 100 -220 205 530 -170
hermite
400 400 100 100 220 205 530 230
hermite
400 400 100 100 -220 205 470 230
hermite
400 400 100 100 281 -144 469 231
hermite
400 400 100 100 -219 206 531 -169
hermite
400 400 100 100 219 206 531 231
hermite
400 400 100 100 -219 206 469 231
hermite
400 400 100 100 282 -143 468 232
hermite
400 400 100 100 -218 207 532 -168
hermite
400 400 100 100 218 207 532 232
hermite
400 400 100 100 -218 207 468 232
hermite
400 400 100 100 283 -142 467 233
hermite
400 400 100 100 -217 208 533 -167
hermite
400 400 100 100 217 208 533 233
hermite
400 400 100 100 -217 208 467 233
hermite
400 400 100 100 284 -141 466 234
hermite
400 400 100 100 -216 209 534 -166
hermite
400 400 100 100 216 209 534 234
hermite
400 400 100 100 -216 209 466 234
hermite
400 400 100 100 285 -140 465 235
hermite
400 400 100 100 -215 210 535 -165
hermite
400 400 100 100 215 210 535 235
hermite
400 400 100 100 -215 210 465 235
hermite
400 400 100 100 286 -139 464 236
hermite
400 400 100 100 -214 211 536 -164
hermite
400 400 100 100 214 211 536 236
hermite
400 400 100 100 -214 211 464 236
hermite
400 400 100 100 287 -138 463 237
hermite
400 400 100 100 -213 212 537 -163
hermite
400 400 100 100 213 212 537 237
hermite
400 400 100 100 -213 212 463 237
hermite
400 400 100 100 288 -137 462 238
hermite
400 400 100 100 -212 213 538 -162
hermite
400 400 100 100 212 213 538 238
hermite
400 400 100 100 -212 213 462 238
hermite
400 400 100 100 289 -136 461 239
hermite
400 400 100 100 -211 214 539 -161
hermite
400 400 100 100 211 214 539 239
hermite
400 400 100 100 -211 214 461 239
hermite
400 400 100 100 290 -135 460 240
hermite
400 400 100 100 -210 215 540 -160
hermite
400 400 100 100 210 215 540 240
hermite
400 400 100 100 -210 215 460 240
hermite
400 400 100 100 291 -134 459 241
hermite
400 400 100 100 -209 216 541 -159
hermite
400 400 100 100 209 216 541 241
hermite
400 400 100 100 -209 216 459 241
hermite
400 400 100 100 292 -133 458 242
hermite
400 400 100 100 -208 217 542 -158
hermite
400 400 100 100 208 217 542 242
hermite
400 400 100 100 -208 217 458 242
hermite
400 400 100 100 293 -132 457 243
hermite
400 400 100 100 -207 218 543 -157
hermite
400 400 100 100 207 218 543 243
hermite
400 400 100 100 -207 218 457 243
hermite
400 400 100 100 294 -131 456 244
hermite
400 400 100 100 -206 219 544 -156
hermite
400 400 100 100 206 219 544 244
hermite
400 400 100 100 -206 219 456 244
hermite
400 400 100 100 295 -130 455 245
hermite
400 400 100 100 -205 220 545 -155
hermite
400 400 100 100 205 220 545 245
hermite
400 400 100 100 -205 220 455 245
hermite
400 400 100 100 296 -129 454 246
hermite
400 400 100 100 -204 221 546 -154
hermite
400 400 100 100 204 221 546 246
hermite
400 400 100 100 -204 221 454 246
hermite
400 400 100 100 297 -128 453 247
hermite
400 400 100 100 -203 222 547 -153
hermite
400 400 100 100 203 222 547 247
hermite
400 400 100 100 -203 222 453 247
hermite
400 400 100 100 298 -127 452 248
hermite
400 400 100 100 -202 223 548 -152
hermite
400 400 100 100 202 223 548 248
hermite
400 400 100 100 -202 223 452 248
hermite
400 400 100 100 299 -126 451 249
hermite
400 400 100 100 -201 224 549 -151
hermite
400 400 100 100 201 224 549 249
hermite
400 400 100 100 -201 224 451 249
hermite
400 400 100 100 300 -125 450 250
hermite
400 400 100 100 -200 225 550 -150
hermite
400 400 100 100 200 225 550 250
hermite
400 400 100 100 -200 225 450 250
hermite
400 400 100 100 301 -124 449 251
hermite
400 400 100 100 -199 226 551 -149
hermite
400 400 100 100 199 226 551 251
hermite
400 400 100 100 -199 226 449 251
hermite
400 400 100 100 302 -123 448 252
hermite
400 400 100 100 -198 227 552 -148
hermite
400 400 100 100 198 227 552 252
hermite
400 400 100 100 -198 227 448 252
hermite
400 400 100 100 303 -122 447 253
hermite
400 400 100 100 -197 228 553 -147
hermite
400 400 100 100 197 228 553 253
hermite
400 400 100 100 -197 228 447 253
hermite
400 400 100 100 304 -121 446 254
hermite
400 400 100 100 -196 229 554 -146
hermite
400 400 100 100 196 229 554 254
hermite
400 400 100 100 -196 229 446 254
hermite
400 400 100 100 305 -120 445 255
hermite
400 400 100 100 -195 230 555 -145
hermite
400 400 100 100 195 230 555 255
hermite
400 400 100 100 -195 230 445 255
hermite
400 400 100 100 306 -119 444 256
hermite
400 400 100 100 -194 231 556 -144
hermite
400 400 100 100 194 231 556 256
hermite
400 400 100 100 -194 231 444 256
hermite
400 400 100 100 307 -118 443 257
hermite
400 400 100 100 -193 232 557 -143
hermite
400 400 100 100 193 232 557 257
hermite
400 400 100 100 -193 232 443 257
hermite
400 400 100 100 308 -117 442 258
hermite
400 400 100 100 -192 233 558 -142
hermite
400 400 100 100 192 233 558 258
hermite
400 400 100 100 -192 233 442 258
hermite
400 400 100 100 309 -116 441 259
hermite
400 400 100 100 -191 234 559 -141
hermite
400 400 100 100 191 234 559 259
hermite
400 400 100 100 -191 234 441 259
hermite
400 400 100 100 310 -115 440 260
hermite
400 400 100 100 -190 235 560 -140
hermite
400 400 100 100 190 235 560 260
hermite
400 400 100 100 -190 235 440 260
hermite
400 400 100 100 311 -114 439 261
hermite
400 400 100 100 -189 236 561 -139
hermite
400 400 100 100 189 236 561 261
hermite
400 400 100 100 -189 236 439 261
hermite
400 400 100 100 312 -113 438 262
hermite
400 400 100 100 -188 237 562 -138
hermite
400 400 100 100 188 237 562 262
hermite
400 400 100 100 -188 237 438 262
hermite
400 400 100 100 313 -112 437 263
hermite
400 400 100 100 -187 238 563 -137
hermite
400 400 100 100 187 238 563 263
hermite
400 400 100 100 -187 238 437 263
hermite
400 400 100 100 314 -111 436 264
hermite
400 400 100 100 -186 239 564 -136
hermite
400 400 100 100 186 239 564 264
hermite
400 400 100 100 -186 239 436 264
hermite
400 400 100 100 315 -110 435 265
hermite
400 400 100 100 -185 240 565 -135
hermite
400 400 100 100 185 240 565 265
hermite
400 400 100 100 -185 240 435 265
hermite
400 400 100 100 316 -109 434 266
hermite
400 400 100 100 -184 241 566 -134
hermite
400 400 100 100 184 241 566 266
hermite
400 400 100 100 -184 241 434 266
hermite
400 400 100 100 317 -108 433 267
hermite
400 400 100 100 -183 242 567 -133
hermite
400 400 100 100 183 242 567 267
hermite
400 400 100 100 -183 242 433 267
hermite
400 400 100 100 318 -107 432 268
hermite
400 400 100 100 -182 243 568 -132
hermite
400 400 100 100 182 243 568 268
hermite
400 400 100 100 -182 243 432 268
hermite
400 400 100 100 319 -106 431 269
hermite
400 400 100 100 -181 244 569 -131
hermite
400 400 100 100 181 244 569 269
hermite
400 400 100 100 -181 244 431 269
hermite
400 400 100 100 320 -105 430 270
hermite
400 400 100 100 -180 245 570 -130
hermite
400 400 100 100 180 245 570 270
hermite
400 400 100 100 -180 245 430 270
hermite
400 400 100 100 321 -104 429 271
hermite
400 400 100 100 -179 246 571 -129
hermite
400 400 100 100 179 246 571 271
hermite
400 400 100 100 -179 246 429 271
hermite
400 400 100 100 322 -103 428 272
hermite
400 400 100 100 -178 247 572 -128
hermite
400 400 100 100 178 247 572 272
hermite
400 400 100 100 -178 247 428 272
hermite
400 400 100 100 323 -102 427 273
hermite
400 400 100 100 -177 248 573 -127
hermite
400 400 100 100 177 248 573 273
hermite
400 400 100 100 -177 248 427 273
hermite
400 400 100 100 324 -101 426 274
hermite
400 400 100 100 -176 249 574 -126
hermite
400 400 100 100 176 249 574 274
hermite
400 400 100 100 -176 249 426 274
hermite
400 400 100 100 325 -100 425 275
hermite
400 400 100 100 -175 250 575 -125
hermite
400 400 100 100 175 250 575 275
hermite
400 400 100 100 -175 250 425 275
hermite
400 400 100 100 326 -99 424 276
hermite
400 400 100 100 -174 251 576 -124
hermite
400 400 100 100 174 251 576 276
hermite
400 400 100 100 -174 251 424 276
hermite
400 400 100 100 327 -98 423 277
hermite
400 400 100 100 -173 252 577 -123
hermite
400 400 100 100 173 252 577 277
hermite
400 400 100 100 -173 252 423 277
hermite
400 400 100 100 328 -97 422 278
hermite
400 400 100 100 -172 253 578 -122
hermite
400 400 100 100 172 253 578 278
hermite
400 400 100 100 -172 253 422 278
hermite
400 400 100 100 329 -96 421 279
hermite
400 400 100 100 -171 254 579 -121
hermite
400 400 100 100 171 254 579 279
hermite
400 400 100 100 -171 254 421 279
hermite
400 400 100 100 330 -95 420 280
hermite
400 400 100 100 -170 255 580 -120
hermite
400 400 100 100 170 255 580 280
hermite
400 400 100 100 -170 255 420 280
hermite
400 400 100 100 331 -94 419 281
hermite
400 400 100 100 -169 256 581 -119
hermite
400 400 100 100 169 256 581 281
hermite
400 400 100 100 -169 256 419 281
hermite
400 400 100 100 332 -93 418 282
hermite
400 400 100 100 -168 257 582 -118
hermite
400 400 100 100 168 257 582 282
hermite
400 400 100 100 -168 257 418 282
hermite
400 400 100 100 333 -92 417 283
hermite
400 400 100 100 -167 258 583 -117
hermite
400 400 100 100 167 258 583 283
hermite
400 400 100 100 -167 258 417 283
hermite
400 400 100 100 334 -91 416 284
hermite
400 400 100 100 -166 259 584 -116
hermite
400 400 100 100 166 259 584 284
hermite
400 400 100 100 -166 259 416 284
hermite
400 400 100 100 335 -90 415 285
hermite
400 400 100 100 -165 260 585 -115
hermite
400 400 100 100 165 260 585 285
hermite
400 400 100 100 -165 260 415 285
hermite
400 400 100 100 336 -89 414 286
hermite
400 400 100 100 -164 261 586 -114
hermite
400 400 100 100 164 261 586 286
hermite
400 400 100 100 -164 261 414 286
hermite
400 400 100 100 337 -88 413 287
hermite
400 400 100 100 -163 262 587 -113
hermite
400 400 100 100 163 262 587 287
hermite
400 400 100 100 -163 262 413 287
hermite
400 400 100 100 338 -87 412 288
hermite
400 400 100 100 -162 263 588 -112
hermite
400 400 100 100 162 263 588 288
hermite
400 400 100 100 -162 263 412 288
hermite
400 400 100 100 339 -86 411 289
hermite
400 400 100 100 -161 264 589 -111
hermite
400 400 100 100 161 264 589 289
hermite
400 400 100 100 -161 264 411 289
hermite
400 400 100 100 340 -85 410 290
hermite
400 400 100 100 -160 265 590 -110
hermite
400 400 100 100 160 265 590 290
hermite
400 400 100 100 -160 265 410 290
hermite
400 400 100 100 341 -84 409 291
hermite
400 400 100 100 -159 266 591 -109
hermite
400 400 100 100 159 266 591 291
hermite
400 400 100 100 -159 266 409 291
hermite
400 400 100 100 342 -83 408 292
hermite
400 400 100 100 -158 267 592 -108
hermite
400 400 100 100 158 267 592 292
hermite
400 400 100 100 -158 267 408 292
hermite
400 400 100 100 343 -82 407 293
hermite
400 400 100 100 -157 268 593 -107
hermite
400 400 100 100 157 268 593 293
hermite
400 400 100 100 -157 268 407 293
hermite
400 400 100 100 344 -81 406 294
hermite
400 400 100 100 -156 269 594 -106
hermite
400 400 100 100 156 269 594 294
hermite
400 400 100 100 -156 269 406 294
hermite
400 400 100 100 345 -80 405 295
hermite
400 400 100 100 -155 270 595 -105
hermite
400 400 100 100 155 270 595 295
hermite
400 400 100 100 -155 270 405 295
hermite
400 400 100 100 346 -79 404 296
hermite
400 400 100 100 -154 271 596 -104
hermite
400 400 100 100 154 271 596 296
hermite
400 400 100 100 -154 271 404 296
hermite
400 400 100 100 347 -78 403 297
hermite
400 400 100 100 -153 272 597 -103
hermite
400 400 100 100 153 272 597 297
hermite
400 400 100 100 -153 272 403 297
hermite
400 400 100 100 348 -77 402 298
hermite
400 400 100 100 -152 273 598 -102
hermite
400 400 100 100 152 273 598 298
hermite
400 400 100 100 -152 273 402 298
hermite
400 400 100 100 349 -76 401 299
hermite
400 400 100 100 -151 274 599 -101
hermite
400 400 100 100 151 274 599 299
hermite
400 400 100 100 -151 274 401 299
display
save
img.png
